-1.9956553994109112 0.9110968311961203
-1.9954850273322267 0.9111670440465882
-1.9858768319004114 0.9150838586813113
-1.984123910069615 0.9157893419836657
-1.9714577716971466 0.9208032137579095
-1.9691390663410884 0.921705096473818
-1.965453588235932 0.9231283987525716
-1.9627016294270985 0.9241830075157056
-1.9574069261840341 0.9261923555470739
-1.9533312225382278 0.9277214082075163
-1.9481240552637011 0.9296525187961383
-1.9405829055347206 0.932404500793519
-1.9371513890310665 0.9336392151875896
-1.9272645306768612 0.9371351448733065
-1.9243970283979972 0.9381319533288336
-1.92032822480907 0.9395331210686994
-1.9162956791927348 0.9409064559619016
-1.9123030725506434 0.94225111529816
-1.90962517474268 0.9431445829916894
-1.9092528778239335 0.9432682627019482
-1.90798613517374 0.9436881043791987
-1.9051562296151863 0.9446205603627175
-1.8982218985947217 0.9468734330857683
-1.8916389449359414 0.9489700216421812
-1.8829636234852463 0.9516701811923625
-1.8701194559135907 0.9555362992873593
-1.864548378917326 0.9571642253564766
-1.8628914547438638 0.9576426663178514
-1.8628506307249357 0.9576544211732906
-1.8586901440219785 0.9588440173308694
-1.8586235650286183 0.9588629192026897
-1.8584078798836607 0.9589241233367561
-1.8509678545814565 0.9610080215003203
-1.8490060474150587 0.9615486517265026
-1.8435968880580953 0.9630201201188936
-1.8408260567429302 0.963762966028216
-1.835976754858478 0.9650452293905518
-1.8354640614517699 0.9651794709793486
-1.8350668960470533 0.9652832887897285
-1.8340574348279026 0.9655464734777024
-1.8339267158872454 0.9655804823072485
-1.8328314911787937 0.9658647759709148
-1.8321338749122917 0.9660452561762377
-1.8321323859639262 0.9660456408790958
-1.8319404832115396 0.9660952052881014
-1.8270359751160377 0.9673498566538085
-1.8244084283867532 0.9680124545909223
-1.8176262746259986 0.969691835446524
-1.810301524494066 0.971455471747696
-1.8088247600078113 0.9718047333204284
-1.796316174947731 0.974677993928726
-1.7922002568763982 0.975590108542356
-1.7896919496813144 0.9761378619568305
-1.7846026760302927 0.9772303604683562
-1.7839521993355527 0.9773681725816072
-1.779367814591391 0.9783277042259273
-1.779249659455942 0.9783521629014811
-1.7724659783673289 0.9797335033514986
-1.7693040293413902 0.9803619601873799
-1.7384407468007081 0.9859805547138655
-1.7339959748052265 0.9867124685751661
-1.7329267855388437 0.9868856223264078
-1.731730212698754 0.9870780678682766
-1.7277092404658303 0.9877144074674212
-1.7274387332950574 0.9877566434298488
-1.7261897373719295 0.9879507195536609
-1.7188030005023065 0.9890669923313679
-1.70315779720783 0.9912530020647659
-1.7025073492983247 0.9913386354408221
-1.6959038853065858 0.992184251661302
-1.6951628847727864 0.9922764423802165
-1.6945116030505396 0.9923570209570662
-1.6943020537839573 0.9923828575342604
-1.6941468484968123 0.9924019656283019
-1.6905589482340595 0.9928370249934014
-1.687163928932439 0.9932369275561372
-1.684397441494574 0.9935543297404426
-1.6793061247928454 0.9941185860998916
-1.6753190579869015 0.9945424706736365
-1.672322906972218 0.9948506022203036
-1.6703527774022469 0.9950483484512939
-1.667402510606116 0.9953372506755312
-1.664975913910257 0.9955683797687205
-1.6644554091153432 0.9956171933954278
-1.6567470498418015 0.9963085100252989
-1.6495252567912493 0.9969024782198659
-1.6467622477164872 0.9971159767614023
-1.6367611787942895 0.9978251079671204
-1.6346989594751409 0.9979589214800196
-1.6337170540934087 0.9980211440278897
-1.6292600897277185 0.9982914809398737
-1.6136995418690714 0.9990797982313401
-1.6134659592617315 0.9990897893466699
-1.6099437808683708 0.9992338362742519
-1.5940223874985886 0.9997302871771341
-1.5918384010354978 0.999778623724218
-1.587272845121669 0.999864265242679
-1.5857555016194689 0.9998881136307728
-1.5846930486705921 0.999903442114499
-1.5809371662764007 0.9999485821279441
-1.5798157755262552 0.9999593250480362
-1.5718836381345924 0.9999994088770835
-1.5644256927939937 0.999979707579844
-1.5638758562752173 0.9999760536394651
-1.5629664488212907 0.999969346662065
-1.5610836549522795 0.999952832373641
-1.5573441136752604 0.9999095203455528
-1.5491614318360516 0.9997659747885962
-1.5400106369818265 0.9995261580771239
-1.535509286439824 0.9993774769913635
-1.5297080794069466 0.9991559967136127
-1.5254661093864206 0.9989727616128261
-1.5234647337120082 0.9988800692513837
-1.5206694289936027 0.9987439101068286
-1.5185098783630666 0.9986333750459766
-1.5176900465688679 0.9985901928842208
-1.5073431870918381 0.9979875249027332
-1.5020683371615582 0.9976391612323507
-1.5009709416346673 0.9975631981044628
-1.5003890045714394 0.9975224282254377
-1.4923933960566762 0.9969280643136552
-1.4919789272789052 0.996895516400964
-1.4916521103966631 0.9968697309673066
-1.487863913374058 0.9965630779473332
-1.4862364273351556 0.9964269415225504
-1.4853704420048701 0.9963534275100602
-1.4825266562750845 0.9961067614768597
-1.4803666937814546 0.9959140263025161
-1.4791588027831448 0.9958042194795136
-1.4752073173021847 0.9954348483017893
-1.473085077266639 0.9952300527547963
-1.4723226972722716 0.9951553889151534
-1.467690536319286 0.994689305233294
-1.4657295870425675 0.994485565729181
-1.4624057641096861 0.9941314918579102
-1.4616017043290732 0.9940441885680414
-1.4602813626028373 0.993899434272528
-1.4447942775629024 0.99207223889528
-1.4433469980854836 0.9918893219306847
-1.441220618337034 0.9916168071312964
-1.4389745902325304 0.9913240892283484
-1.4295567171311725 0.9900422564647643
-1.4259382647865033 0.9895264048701138
-1.4237295370385707 0.9892051572156064
-1.4220171817758507 0.9889527833040257
-1.420185479829009 0.988679609639854
-1.416569997025602 0.988130674354504
-1.4116834515783263 0.9873682300174651
-1.411260505282669 0.9873011291023752
-1.4074164070348996 0.9866831626796461
-1.4016005110443852 0.9857205019804252
-1.3998486550608082 0.9854239950356454
-1.389527205806996 0.9836156903373148
-1.385570326649999 0.9828946535850965
-1.3832071602577933 0.9824566882591391
-1.3806793821609844 0.9819821423680184
-1.3764125092197106 0.9811668788329162
-1.3691863145534562 0.97974544769052
-1.3662453203370784 0.9791522861696353
-1.3596017873786734 0.9777812034282873
-1.3583838818798637 0.9775251711715592
-1.3523763911175926 0.9762410478145873
-1.3463855629628028 0.9749254001753018
-1.3447378757188049 0.9745574139039824
-1.3148003652759384 0.9674115890781662
-1.3141389856163213 0.96724391019844
-1.3137028562361825 0.9671331072887603
-1.3128137781814706 0.9669066586424271
-1.3115458284944248 0.9665823889909079
-1.30469037525706 0.9648022517663369
-1.2959210136434436 0.962459048478631
-1.2935427555400825 0.961810803897472
-1.28945750984417 0.9606845874820058
-1.2855463099233249 0.9595913285582671
-1.2743057498808068 0.9563677094522425
-1.2735511540230418 0.956146970150752
-1.269638551317727 0.9549937028662759
-1.2668494833129866 0.9541626792498622
-1.266805660343067 0.9541495626245302
-1.262332191155271 0.9528009751692834
-1.258552218611308 0.9516465878926141
-1.2557907336434724 0.950794646048744
-1.2527321693388447 0.9498425904102126
-1.2519682656567945 0.9496034189158913
-1.247826013084743 0.9482968706518894
-1.2464283975957553 0.9478523628617532
-1.2408907980741768 0.9460729520661457
-1.2398087573838419 0.945721867263335
-1.235955552403655 0.9444626461319158
-1.2350902246226259 0.9441779295947424
-1.2335321584812893 0.943663500792805
-1.2310567753798725 0.9428414897934623
-1.2245311531755547 0.9406468220336243
-1.2241437954362007 0.9405152872740132
-1.2218997287803228 0.9397504950509747
-1.2183309834759322 0.9385244981714557
-1.216878553439798 0.9380221112081555
-1.2102492221934584 0.9357039527656296
-1.2044544310423402 0.9336439315354601
-1.1929500239174042 0.929461331543163
-1.1885690302688658 0.92783618290468
-1.1855892395479688 0.9267206392931184
-1.1766675121353312 0.9233314533131677
-1.1738173345948497 0.9222332250400739
-1.1728349222671648 0.9218529460175616
-1.1583075045625115 0.9161259156532745
-1.1471060378606963 0.9115779725182758
-1.1409857576444833 0.9090447015560001
-1.1346039682214113 0.9063669254562797
-1.1325907552690988 0.9055145240763627
-1.1312608372491413 0.9049494189381325
-1.1310106395990327 0.9048429267228032
-1.127970357646734 0.9035443603178752
-1.127220591604201 0.9032228357132921
-1.1240593127945497 0.9018615927214237
-1.1239776488781916 0.9018263088544155
-1.1228269975016025 0.9013285169623902
-1.1189683455506012 0.899650489528694
-1.113534318070295 0.8972646633806225
-1.1028388081499045 0.8924914396555256
-1.098820905362885 0.8906719079244172
-1.0948586485937053 0.888863494442504
-1.0902918445583465 0.8867618505267627
-1.088151323255219 0.8857704139237743
-1.0846459307590561 0.8841380395840067
-1.0720373382993125 0.8781768585600135
-1.0678992526483087 0.8761899497105727
-1.0676072524465514 0.8760491782056457
-1.064326017505377 0.8744621821286183
-1.0606612235991024 0.8726785453747364
-1.0589944646562603 0.8718634632510911
-1.058416464031469 0.8715802423898492
-1.0468380288208947 0.8658455866308238
-1.0441825932580628 0.8645139910289116
-1.043755961177724 0.8642994833399943
-1.0373981730025976 0.8610842121747864
-1.0360862597065714 0.8604164128121771
-1.0311637353487892 0.8578975214301342
-1.0296909923685695 0.8571398653093314
-1.0263717092666318 0.8554254378950291
-1.0206557312675866 0.8524510261472084
-1.0189390378081926 0.8515522709830572
-1.014824043411155 0.8493877004153163
-1.0115913426143863 0.8476771446455246
-1.0112407683165956 0.8474911085293383
-1.0108703737310214 0.8472944414011198
-0.9990593185038743 0.8409623602003088
-0.9970944653952261 0.8398975680682066
-0.9970785975040108 0.8398889557447257
-0.9840501419806853 0.8327465731401824
-0.9807651349517368 0.8309233247701753
-0.9776270766110478 0.8291732617361698
-0.9762810845303758 0.8284201124801638
-0.9757648934347736 0.828130879756932
-0.9746970063364477 0.8275318198117939
-0.9741813578101448 0.8272422150217803
-0.9734855182657589 0.8268510604941316
-0.9721395493592562 0.8260933106381865
-0.9711700009880126 0.8255465496036162
-0.9695187378349717 0.8246135605454588
-0.963625251223728 0.8212653346933901
-0.9612417721274196 0.8199031176553853
-0.9558842305356428 0.81682416055749
-0.9545985544454947 0.8160817962058626
-0.9545531412202073 0.8160555494076447
-0.948548693687091 0.8125704481015504
-0.9477080603140431 0.8120801869693657
-0.9464767932495057 0.8113610707894289
-0.9391657139358238 0.8070657674884706
-0.9349901760216621 0.8045932444137857
-0.9315034522464236 0.8025178494107025
-0.9219653708083051 0.796790743943093
-0.9157511875062805 0.7930204302788314
-0.914071469564814 0.7919960361865067
-0.9121318739705777 0.7908103731849141
-0.909999542951609 0.7895034591783606
-0.9093042878416009 0.7890765582783308
-0.9077039868938832 0.7880924916402969
-0.9061754865731992 0.7871506925623687
-0.9060944234607207 0.7871006934324362
-0.9025401855784514 0.7849033853823716
-0.9009584236284489 0.78392231544498
-0.8963916701079855 0.7810788411949442
-0.8900693318090931 0.7771153839336031
-0.8857813457724792 0.7744095689164688
-0.883939925030313 0.773243218059822
-0.8802256553891814 0.7708826358640122
-0.8768263037937207 0.7687128765526934
-0.869991036548813 0.7643231571235205
-0.8613785646120289 0.7587412696983714
-0.8613508191543016 0.7587231962339784
-0.8584103174999309 0.7568044373384332
-0.8565093931830248 0.7555605479465196
-0.8544995247168736 0.754242400503077
-0.853438466934271 0.7535452896825148
-0.8518605707123621 0.7525070493816162
-0.8506368507738862 0.7517005635373517
-0.8498613068534433 0.7511888627756733
-0.8452562985340357 0.7481412009611184
-0.8425044082050821 0.7463123823789753
-0.8404683965970774 0.7449556755901015
-0.8399611298264675 0.7446171750124619
-0.8376883184902737 0.7430981702345123
-0.8342261201508938 0.7407768789180371
-0.8322191821408058 0.7394272250445315
-0.8233504566090097 0.7334274742465221
-0.8219314582261896 0.7324621468898936
-0.8213264770737294 0.7320501370115978
-0.8188115033252914 0.7303344959009205
-0.8180957830091256 0.7298454077150704
-0.8125632277413319 0.7260521346143298
-0.8111278669328237 0.7250643760110789
-0.8074894162780346 0.722553850045601
-0.8066400350377614 0.7219663997857697
-0.8044897918103944 0.7204769181654509
-0.8035441736714968 0.7198208298959897
-0.7915500027839544 0.711443380864738
-0.7900537151471698 0.7103910785475074
-0.785875576500719 0.70744428263343
-0.7815936200422087 0.7044114517505777
-0.7771965369523466 0.7012836383000709
-0.7748993375172737 0.6996441564066361
-0.7629260244380496 0.6910393808258195
-0.7610325005443968 0.6896694713384072
-0.7601054967476295 0.6889979091184099
-0.7468694316009241 0.6793448215305098
-0.7466673972597744 0.6791965509888822
-0.7456779870454269 0.6784700346721617
-0.7331414329740773 0.6692072560598933
-0.7282388426653874 0.6655562321116437
-0.7279933834044443 0.6653730141065983
-0.7270536040862532 0.6646711647377844
-0.7255382456745485 0.6635382231622184
-0.7221657230699425 0.6610113273364212
-0.7218341068381404 0.6607624541596286
-0.7044518028760849 0.6476162189207137
-0.7038466978244338 0.6471550304939792
-0.700622602736011 0.644693755184957
-0.6919913544273615 0.638071743282188
-0.6900060839378481 0.6365418744230082
-0.6783540766744678 0.6275123478012811
-0.6779572195045005 0.6272033027783528
-0.676605004504987 0.6261495494834621
-0.6714174715335743 0.6220964077129373
-0.6700469718505193 0.621022803905612
-0.6695050055580491 0.6205979236074763
-0.6662202300960676 0.6180188926455277
-0.6635263345196818 0.6158988110152573
-0.6605088671071475 0.6135187736356009
-0.6556678799095019 0.6096887682066195
-0.6481724424604431 0.6037305069468645
-0.6459237945667398 0.6019363859017554
-0.6419969967201644 0.5987960320894044
-0.639199469500912 0.596553147957534
-0.6375271162453351 0.5952101278444565
-0.6330156143554131 0.5915787747841638
-0.6274118894016518 0.5870515225809918
-0.6272600075484389 0.5869285599210915
-0.6138165787146668 0.575991531417553
-0.6054649710411693 0.5691444544191894
-0.5943995799093056 0.5600114164989376
-0.5938523248345309 0.5595579401026188
-0.5936901698586992 0.5594235401239079
-0.5934772061724272 0.55924700568175
-0.5918812056393161 0.5579232078198887
-0.5903285433523839 0.5566339929172078
-0.5800460063592681 0.5480624188130766
-0.5760088879339063 0.5446811647557341
-0.568105808859861 0.5380363602307414
-0.565012745861794 0.5354265809772658
-0.5646775928726431 0.5351434868041787
-0.5643655322902217 0.5348798440864992
-0.5638074938371189 0.5344082584391987
-0.5605407961766566 0.5316443125477486
-0.5579004705654027 0.529406191443273
-0.5544152051527305 0.526446192730115
-0.5540102146135557 0.5261018231883462
-0.5436874149101696 0.5172952169091158
-0.5355633737927183 0.5103256112942602
-0.5326538851414169 0.5078213491198267
-0.5261970620354917 0.502248491756901
-0.5220403915352811 0.49864979321873903
-0.5089209998917914 0.4872352714694328
-0.5086741475776373 0.48701968772277804
-0.5003289612503545 0.47971420331520703
-0.500313650203656 0.4797007689668607
-0.48880715668663965 0.46957306874929355
-0.48493877326016754 0.4661541928119204
-0.4824007407761082 0.4639072876307783
-0.4815168618580983 0.4631240925454232
-0.4782696127620758 0.46024364027428566
-0.4760862624258513 0.45830418243616644
-0.47581047271197763 0.45805904437885175
-0.47361070840179753 0.4561025193083844
-0.4735929291392571 0.45608669698626203
-0.47106540020082077 0.4538359052021478
-0.47095088387056006 0.4537338584106828
-0.4567525491419526 0.44103588470580907
-0.45524429869410143 0.43968174468585436
-0.45437947338043694 0.4389048343541223
-0.44690278443929277 0.4321745735381701
-0.4335436040489111 0.42008919305134895
-0.43233489068014697 0.41899199982852486
-0.43122484103000813 0.4179838279937469
-0.42678877208863053 0.4139497618791545
-0.4260492155228963 0.41327643059631214
-0.42384140186078234 0.4112649774595197
-0.423788449288411 0.4112167097747084
-0.4225325748681694 0.4100716090162918
-0.41038101103941704 0.3989587322010002
-0.40822232024105265 0.3969783518883451
-0.40143583167788144 0.390740428991878
-0.3982855966026353 0.3878387006999115
-0.39631583921871183 0.38602237040117376
-0.39075891482373803 0.3808902327668388
-0.38844032529842654 0.37874539602584567
-0.38642205372707084 0.37687671373403403
-0.386244426273465 0.3767121779748597
-0.38103892806414974 0.37188508481102284
-0.3798886496644087 0.37081705999487075
-0.3738820331967405 0.365232023778473
-0.37293801606299537 0.36435306002162543
-0.3681633944774516 0.35990250548991737
-0.3665038012413455 0.3583536268133371
-0.36477555426475217 0.3567396253934658
-0.36437328010863723 0.35636379047223815
-0.36201002937419124 0.35415470048304104
-0.3506589965096438 0.3435167762934565
-0.35056628614321417 0.3434297061973869
-0.34575969029582954 0.3389115054764036
-0.3401964415988874 0.33367228193896126
-0.3327445509214231 0.32663826608486685
-0.3311895177859765 0.3251681330706701
-0.32923355119939535 0.32331784026781824
-0.3208576759944828 0.315380581248656
-0.3194850087706844 0.3140776710088217
-0.31870537506238783 0.31333739350029666
-0.3183469509370238 0.31299699882467563
-0.31584525451919676 0.3106200253930306
-0.31054739887481997 0.3055798970372907
-0.3102872498352087 0.30533218151512453
-0.30931756106559005 0.30440865595086064
-0.30372075458897463 0.2990727254949973
-0.3033152627734821 0.2986857683331701
-0.30322150854217744 0.29859629252803277
-0.3032008312826897 0.29857655851136994
-0.30095749878352374 0.2964348045807296
-0.3008427910884093 0.2963252506919659
-0.29641610953150854 0.29209449478440774
-0.29278435614927334 0.28861920544317093
-0.2908823706278927 0.28679763992719015
-0.28987347314217393 0.28583097922964823
-0.2794011562175882 0.27578007697224305
-0.27777765392893494 0.274219170109356
-0.27685131236650085 0.27332822026445236
-0.27620087549575123 0.2727024937154916
-0.27035158654008695 0.2670702690709908
-0.26627936356609583 0.2631437576535073
-0.26547407107492527 0.26236676114049495
-0.2640049935590727 0.2609488654034786
-0.2518896466150107 0.24923441853234554
-0.25113616758780033 0.24850464622264787
-0.24515645127732943 0.24270810104310395
-0.24440219090434834 0.2419763245643473
-0.24261249260427942 0.2402394256423783
-0.2412239100404414 0.2388912783964253
-0.2376633202616527 0.23543227379121368
-0.23579344203375197 0.2336145458951157
-0.23571145016844186 0.233534822017945
-0.22982963362894715 0.22781164021716802
-0.22682307759943798 0.22488311568861355
-0.2184765916772733 0.21674268012882578
-0.21464941588960507 0.21300490279657605
-0.21283540336330375 0.2112321703179841
-0.2048372895551709 0.2034078537624863
-0.20416751132943167 0.20275203228169203
-0.19624756421808653 0.19499030382300658
-0.18908221761343214 0.1879575493722689
-0.18643311608897362 0.18535500590440382
-0.17404848562452058 0.1731710774603265
-0.16973021514261477 0.1689164470675668
-0.16820206317459085 0.16741005742730788
-0.15957954535289032 0.15890310824512294
-0.15955167729387032 0.15887559421088274
-0.14894027883855765 0.14839022712443556
-0.1429009248387505 0.14241506564176024
-0.14137012720104147 0.1408997051125357
-0.13937643023867397 0.138925618801914
-0.13259822736308946 0.13221000539956954
-0.13150481092804478 0.13112610845467856
-0.12814095354354915 0.1277905600454078
-0.12320481741630074 0.12289335747676126
-0.11990974448766467 0.11962260034936982
-0.11873570615499451 0.11845691009942161
-0.11799694701568075 0.11772332016197909
-0.11717462811625534 0.11690667960065951
-0.11018792589050053 0.10996508898242936
-0.10968454172318731 0.10946474370225166
-0.09428509997573586 0.09414546799189587
-0.0915738253032754 0.09144589285177455
-0.08711235120528338 0.08700221675922763
-0.08598300126407787 0.08587709393627582
-0.08421812327400957 0.08411860303498171
-0.07221325057311345 0.07215050455136925
-0.07178834593025218 0.07172670081322825
-0.06991120605759882 0.06985427057586299
-0.06766110476335907 0.06760949087330138
-0.06223812451391364 0.062197951526674074
-0.05566117201065479 0.05563243520349981
-0.05355952939307196 0.05353392604766563
-0.050603798339118544 0.05058220387194341
-0.045486231547152034 0.045470548021622655
-0.0453032317771922 0.04528773677167642
-0.04256899696560934 0.04255614144551656
-0.0373469989956603 0.03733831767912031
-0.03363005354567683 0.033623714748336246
-0.026061541614451844 0.026058591530965364
-0.022642205933610438 0.02264027132184225
-0.010677396172858344 0.010677193291406026
-0.006955011918012399 0.006954955846620785
-0.00553229581148873 0.005532267591017183
0.015311368699003403 -0.01531077044487776
0.019713771040123174 -0.01971249416203204
0.02771036619918199 -0.02770682003473777
0.042203544508036206 -0.04219101722603061
0.04553828577960983 -0.04552254835170431
0.04928751559384237 -0.04926756265914293
0.05063194013569783 -0.050610309624203736
0.05269043572000909 -0.05266605851930037
0.05508624081499214 -0.055058385231171146
0.06325042774614298 -0.06320826272935755
0.07802064520049479 -0.0779415144693235
0.08173888654554373 -0.08164789735126544
0.0839324570888147 -0.08383394589393431
0.09096672432282471 -0.09084131878116891
0.09221857937682332 -0.09208792638385584
0.09429940437347462 -0.09415970884632961
0.09661432138048553 -0.09646408656835616
0.10724975796850877 -0.10704426927321398
0.11051053376246811 -0.11028573465498175
0.11074631027948945 -0.11052006984947545
0.11910219399660349 -0.1188208096078266
0.12494314128561035 -0.12461831809994771
0.12914289077649777 -0.12878421826201156
0.12950628724849755 -0.12914458008944332
0.12966783887274103 -0.12930477715805475
0.1407438927346636 -0.14027969045169775
0.14176261245209343 -0.14128826401926778
0.14559331168619272 -0.14507948966157103
0.14583315279008913 -0.14531678907219453
0.14668168448940344 -0.14615626134349297
0.15106048900694935 -0.15048662910378072
0.1628215371919941 -0.16210306724387114
0.16541768459818806 -0.16466432840513376
0.17080942095162088 -0.1699800465188779
0.1711870670676885 -0.17035218481164285
0.18583319475386606 -0.18476544691161403
0.18637154551924606 -0.18529450190132615
0.18682625160749122 -0.18574131468929955
0.21015625464903032 -0.20861271917797078
0.21494776980063834 -0.2132964003379592
0.22321894892480154 -0.22136985109460194
0.2295034499664257 -0.22749402136863683
0.23035192047820052 -0.228320162554171
0.23113564618613536 -0.22908311681515894
0.23383741202318875 -0.2317121949300733
0.23999221646508806 -0.2376950659768957
0.24048368100050288 -0.23817241632737418
0.24177440714096887 -0.23942580035584618
0.24227563970404775 -0.23991242430542586
0.24449905106423797 -0.2420703051136761
0.2453274519263342 -0.24287398511474376
0.25825601757185934 -0.25539479465399134
0.26915129252185155 -0.2659133811561544
0.27291913729820516 -0.2695436758068684
0.28858057792656 -0.2845917849905596
0.29553929000579204 -0.29125580165303183
0.29917116733317695 -0.294728291156197
0.2998279432624864 -0.29535583020838463
0.30124760542504525 -0.296711859347296
0.30623275110821524 -0.3014688026252564
0.30891797963513534 -0.30402801375131333
0.3189947287507322 -0.31361216275645776
0.3192183008099203 -0.3138244480256629
0.32095357292733473 -0.3154715826574057
0.3222154825169459 -0.316668801365869
0.32432259714538425 -0.31866677133749666
0.3243791368925826 -0.3187203629779158
0.32464918018152034 -0.31897631155860584
0.3259424470679608 -0.3202017545672952
0.3354031405142437 -0.32914987320531636
0.3443842189065789 -0.3376171166934357
0.3496150805775957 -0.3425361992599516
0.3516376774669494 -0.34443573646898035
0.3529142137110739 -0.34563388036717363
0.35711424342734244 -0.3495719998164669
0.36446472278781705 -0.3564492282012218
0.36626307071001696 -0.3581288737963882
0.3836789649052017 -0.3743344761478307
0.3967053250343535 -0.38638163765651945
0.39806861430015594 -0.38763869306832066
0.40522851844485785 -0.3942287819314542
0.4085136628219628 -0.39724573740720487
0.40869094496306557 -0.3974084251612988
0.41549602426436527 -0.4036438006662564
0.41577896342398546 -0.4039026501312975
0.4267559745192768 -0.41391990603806206
0.43071119985541495 -0.4175171532567473
0.43112911182707947 -0.4178968604565895
0.44479641065721776 -0.4302741094690794
0.4456036802839485 -0.4310026900947389
0.45240963366529074 -0.437134016886099
0.45479139694707227 -0.43927492425275555
0.45675066066988723 -0.44103418982122994
0.4596336813536843 -0.44361983644838576
0.4626882661809577 -0.44635532753405127
0.46296036904130267 -0.4465988038326127
0.46736513980636074 -0.45053555822681146
0.4681179984332853 -0.45120755140887114
0.4704680168273998 -0.453303504725438
0.4722433889651363 -0.4548852785195378
0.4729253898223673 -0.4554925285775423
0.47328632367194734 -0.4558138165094283
0.4816101559984034 -0.46320677651506753
0.4822837266434603 -0.4638036235357429
0.4834177442478076 -0.46480799442174553
0.4868437192048205 -0.4678386583273408
0.4875852511236638 -0.46849390585091255
0.49136652291634464 -0.47183117644726724
0.49723055668395943 -0.4769932879989815
0.5044667762397164 -0.48334070774201926
0.5057838173791693 -0.48449326859827574
0.510723327949743 -0.488808399615251
0.5124780833390239 -0.49033847937067204
0.5139563263377873 -0.49162627936039754
0.5184893936971084 -0.49556863829663494
0.5343420132941015 -0.5092748837810319
0.5395823789112129 -0.5137777495955984
0.5543765036312687 -0.526413287975343
0.5579546700355511 -0.529452171787981
0.5781532895222279 -0.5464782988564063
0.5811118340707386 -0.5489536055466305
0.5813906679179168 -0.5491866482613534
0.583118146817434 -0.5506294817428193
0.5841521574253972 -0.551492327342867
0.5845223609247827 -0.5518011058865384
0.5912776544085045 -0.5574222235437766
0.5944846498099019 -0.5600818935997427
0.5985503381874842 -0.5634454229872108
0.6034579235557103 -0.5674930393935496
0.6083694426039417 -0.571530216008861
0.6111151487115882 -0.5737811331455637
0.6140059735579806 -0.5761463429727055
0.614041194890456 -0.576175130650105
0.6171692006127802 -0.5787289089386338
0.618023072938652 -0.5794250478274922
0.6192339731891523 -0.5804115374048456
0.6303810919633484 -0.5894526479433325
0.637839684149299 -0.5954612689862157
0.6385437596849441 -0.5960267643791375
0.6440479220995794 -0.6004373609218007
0.6458891106501539 -0.6019086889047544
0.6460338280135098 -0.6020242488110086
0.6465118815097957 -0.6024058951106386
0.6591918641888257 -0.612478230821866
0.6602542842932637 -0.6133177147653175
0.6614964820326215 -0.6142983741877921
0.6669768213710552 -0.6186135199545458
0.672511607931733 -0.6229526790369592
0.6730332427553236 -0.6233606480725778
0.6867426777283812 -0.6340216129688907
0.6899125151625896 -0.6364697074539291
0.6914158849321965 -0.6376285394262285
0.6956228997720304 -0.6408637357398698
0.7003491828532633 -0.6444847177352151
0.7010878866967643 -0.6450493674992759
0.7208949708708929 -0.6600572520352075
0.7223659861374432 -0.6611615866644165
0.7224007518036553 -0.6611876689810426
0.7248433804681347 -0.6630182049015098
0.7290692227039082 -0.6661757548184903
0.7294016439785702 -0.6664236360600055
0.7370695233897613 -0.6721209546000051
0.7390563206935541 -0.6735907339972446
0.7404995383273785 -0.6746567208310433
0.7482395170925145 -0.680349578640211
0.7514833722927388 -0.6827233766837251
0.7559926826270611 -0.6860112733992815
0.7572333184676139 -0.6869134205818942
0.7575855326165861 -0.6871693458192774
0.7600951545647954 -0.6889904134467152
0.7608550065061381 -0.6895409327268927
0.7674159143082337 -0.6942777737828283
0.7972153641446145 -0.7154132376649006
0.7975113178364173 -0.7156199896432474
0.8012030257262479 -0.7181937276881094
0.8012362872006613 -0.7182168720618711
0.8026662550107639 -0.719211136642928
0.8103832608736696 -0.7245513789406084
0.8130435071463813 -0.7263823100283587
0.81316910901193 -0.7264686293139088
0.8136566121920032 -0.7268035549792783
0.815173762706118 -0.7278447659607552
0.8186863507275337 -0.7302489997323056
0.8212337203225801 -0.7319869432553358
0.8238672347560065 -0.7337786653941825
0.8257976214219673 -0.7350887801013842
0.8292141558307602 -0.7374007961283976
0.830556075677666 -0.7383065389946188
0.830773167315467 -0.7384529423745272
0.842936665640889 -0.7466000214000192
0.8558672315496914 -0.7551397257055742
0.8601322729040799 -0.7579288560640173
0.8793742551731394 -0.7703400339986392
0.8823066167168712 -0.7722064907263846
0.8872241182910274 -0.7753215825699258
0.8887286911126799 -0.776270942677391
0.89614451871096 -0.7809244879965824
0.8972728167494441 -0.7816287544287458
0.8978613195555658 -0.7819956941077721
0.9008957701855338 -0.783883414957235
0.9034712061438204 -0.7854799223804177
0.9069516518322756 -0.7876291636566801
0.9165863601898785 -0.7935289367051729
0.916769263879972 -0.7936402262745458
0.9187225048121612 -0.7948270387036381
0.9258378839667847 -0.79912475035977
0.9267983145072938 -0.7997017591504471
0.9273227036612748 -0.8000164910936108
0.928231135501751 -0.800561200041501
0.9303148711552534 -0.8018081418194781
0.9311505792925954 -0.8023072655271489
0.9445434236964854 -0.8102294129997168
0.9478062952002251 -0.8121375076120213
0.9604164554460795 -0.819430342777429
0.9614431086995934 -0.8200183666862555
0.9648533700921633 -0.8219654140288152
0.9674030326220873 -0.823414868935572
0.9687127033023186 -0.8241573218472849
0.9709789825269937 -0.8254387363255717
0.9753146326886442 -0.8278784090091662
0.9815465338156968 -0.8313578311754113
0.9878626055314541 -0.8348513031476696
0.9967334819152551 -0.8397015913903993
1.0037839664945039 -0.8435094414983371
1.007740027894704 -0.8456276926621367
1.009812382126793 -0.8467320431367762
1.0106969306660267 -0.8472023089764539
1.0175223937682452 -0.8508087131885722
1.0175391362826383 -0.850817510850965
1.0302882789994134 -0.8574473650252326
1.0325851626475222 -0.8586270134632249
1.0557758998097895 -0.8702826611144702
1.0562565357478588 -0.8705192990765981
1.0576506719661145 -0.8712045551014893
1.0612505018275535 -0.8729661355425063
1.0742944082249846 -0.8792542587474426
1.0801806589280183 -0.8820429421689863
1.0817619800073404 -0.8827869085587204
1.0825271940716439 -0.8831461274619576
1.0835326959765603 -0.8836173598524838
1.089495373603988 -0.8863934192467038
1.0933515638140108 -0.8881719810411353
1.0986158630239853 -0.890578667395001
1.0988161628256243 -0.8906697517358475
1.1008849602687731 -0.8916084255779881
1.1013183642123092 -0.8918045902849328
1.101948912247558 -0.8920896860206748
1.1060082130628617 -0.8939165601754655
1.1115914586185305 -0.8964052114985305
1.117178207776667 -0.8988674549416673
1.1219335650909623 -0.9009411794299298
1.1228271139175274 -0.9013285673863269
1.1237961707351705 -0.9017478775300073
1.1242944515669087 -0.9019631536347624
1.1284109304245393 -0.9037330556598956
1.134212464838241 -0.906201449180204
1.1375630937870334 -0.9076131605178206
1.1401860900996876 -0.9087111905855322
1.14512081189848 -0.9107599962822865
1.145745015667465 -0.9110175751105622
1.1475796948236927 -0.9117726035299302
1.148127823954332 -0.9119975806674654
1.151905305466138 -0.9135405763913247
1.1549448531920898 -0.9147726832204894
1.1552233960365301 -0.9148851704013842
1.1566403403932646 -0.9154562922925666
1.1576812873413695 -0.9158746914175331
1.1673119134973784 -0.9196985109406004
1.1685156328292488 -0.9201704552311654
1.1695678707185015 -0.9205819158058576
1.1722580825842495 -0.9216292442873703
1.1767763136422098 -0.9233732280555094
1.1768047539384043 -0.9233841460107447
1.1768944125401246 -0.9234185601939552
1.1775314141183242 -0.9236628504852991
1.1798778007147646 -0.9245594567634541
1.1810758562752097 -0.9250152975913448
1.1847756123582123 -0.9264146113109211
1.194421275129804 -0.9300030987335772
1.196911889981044 -0.9309156429775394
1.2147551942695576 -0.9372840930658249
1.2210121958291973 -0.9394467119782421
1.2240575261019901 -0.9404859736495927
1.2329532568463382 -0.9434717802912214
1.2421661142905864 -0.9464853259400432
1.2473474521095054 -0.9481448741383913
1.2481599529065894 -0.9484028051636395
1.2530075591789651 -0.9499286766159393
1.2554597235219234 -0.9506920398143337
1.2559936412824535 -0.9508574916832325
1.257365884142727 -0.9512814822852096
1.2630135383078338 -0.9530076080046122
1.2633819483978188 -0.9531191518251291
1.2643698405847301 -0.9534176181658338
1.2691261407550578 -0.9548415831659381
1.2695015050878982 -0.9549530424131719
1.2810096791490042 -0.9583048622833625
1.2832672099086326 -0.9589475041539698
1.2834557492283865 -0.9590009537774732
1.2847610315699414 -0.9593700574426081
1.2878883004008013 -0.9602477262870219
1.2880930207321768 -0.9603048536915373
1.2971597742374321 -0.9627945429214922
1.2999852897317625 -0.9635542503334177
1.3016537739758451 -0.9639992501666147
1.3100386503959087 -0.9661949168969048
1.3180157667103094 -0.968220755445469
1.3242341776995197 -0.9697572322658301
1.3283213730367307 -0.9707466975306205
1.3303375738564802 -0.9712288258664069
1.3351105241904362 -0.9723544283202674
1.347188656446792 -0.9751037997131661
1.3491118593115319 -0.9755284642800938
1.3582775966886471 -0.9775027587405367
1.358426476421264 -0.9775341500122036
1.359073292979661 -0.9776702796343247
1.3610518870637924 -0.9780841568535137
1.3618321187550007 -0.9782463111262897
1.363058219630532 -0.9784999263962064
1.3696186770560206 -0.9798319354028339
1.3700573572097565 -0.979919499666216
1.3789292303564298 -0.9816499058949627
1.3815469284260926 -0.9821457162666353
1.3886337905336261 -0.9834542346428604
1.388836190500177 -0.9834908806189456
1.3904754891729594 -0.9837862027296622
1.3909065274443209 -0.9838634159893501
1.397455691440729 -0.9850140919428896
1.4086959239653174 -0.9868904735391235
1.4109893792239419 -0.9872580217456085
1.4118692724349655 -0.987397654863935
1.4157202905554778 -0.9879997894359608
1.4157969532922032 -0.9880116274927624
1.425120358781895 -0.9894080075504068
1.431722778544831 -0.9903448511993729
1.4338640821040354 -0.9906394201535481
1.4352262941277654 -0.9908244493443811
1.436466467258425 -0.9909913031101425
1.445392158597084 -0.992147196629694
1.4468724920572171 -0.9923312632728734
1.4483864531388018 -0.9925172619762102
1.4514729978490322 -0.9928894143377387
1.4548484408664155 -0.9932855712827546
1.4691779868589823 -0.9948412979737671
1.4719319620095637 -0.9951168979850822
1.4747365359682858 -0.9953898049708774
1.4781604592488944 -0.9957123654983521
1.4788863066905038 -0.9957792465751781
1.4789257518727612 -0.9957828661059068
1.4805507090912036 -0.9959306272074048
1.4815166117132046 -0.9960172128145746
1.4864644685815338 -0.9964461757866727
1.4877506382995116 -0.9965536881432869
1.4943654582093249 -0.997080582770035
1.499568842889556 -0.9974643950421385
1.4999437055152582 -0.9974910029091714
1.5009850138135494 -0.9975641798027416
1.5057567895965231 -0.9978856747827313
1.508009814714962 -0.998029574386831
1.508030538258903 -0.9980308744768388
1.509655934821628 -0.9981315084015892
1.5123405220406472 -0.9982919459083254
1.5177083351341571 -0.9985911634984317
1.5257393044767609 -0.9989851040853399
1.525962404401529 -0.9989951280411334
1.5306464566420783 -0.9991941022318266
1.5352876783593774 -0.9993696341811205
1.536823606198063 -0.9994229826276728
1.5393073809463318 -0.9995042641091009
1.548224363868139 -0.9997452640606177
1.5493958477560335 -0.9997710184877427
1.5699546679137413 -0.9999996458051847
1.5702891176595477 -0.9999998713694492
1.5741469524489453 -0.9999943866591148
1.5750009112244086 -0.9999911607479096
1.575859443824542 -0.9999871824503538
1.5769862670231514 -0.9999808423811547
1.5828509957260577 -0.9999273433583283
1.5883901568627854 -0.9998452325640957
1.5947595781522232 -0.9997128950314552
1.5976195817107035 -0.9996402780665747
1.5994519528252233 -0.9995894556425924
1.6001503522502376 -0.9995692015295579
1.6045694197271838 -0.9994297433039202
1.605383039115094 -0.9994019392877183
1.6055735169453644 -0.9993953344691807
1.6097735469740502 -0.9992404843170425
1.6154137525468517 -0.9990048077713836
1.6175319476229872 -0.9989080896421584
1.622525228230137 -0.9986623586986134
1.6316470632530238 -0.9981491651498133
1.6340466927724573 -0.9980003623825434
1.6382086960182773 -0.9977286466000712
1.6439796997382086 -0.9973232919430794
1.6518061113899014 -0.9967205014876217
1.656005546258244 -0.9963718904474098
1.6580839581543367 -0.9961928528895633
1.658651558370606 -0.9961432108324041
1.6664764848204054 -0.9954261446312251
1.6678688949434717 -0.9952921568655407
1.6687524184358344 -0.9952061371459884
1.6689675263768948 -0.9951850766696405
1.6700899152897937 -0.9950744404841803
1.6814607962110033 -0.9938829342130623
1.6920266349752007 -0.9926606015967316
1.6969858329922811 -0.9920486639537264
1.6995773500036697 -0.9917191780038501
1.700866904826149 -0.9915527419226133
1.707464371949059 -0.9906754500635375
1.7085804722276432 -0.9905227722225637
1.7093947504441416 -0.9904106038799535
1.712636325047812 -0.9899575610363834
1.715348044989709 -0.9895705797735938
1.7163645796846558 -0.9894236378747443
1.7194381016124365 -0.9889731364781199
1.72617613208224 -0.9879528251363315
1.7269183304812619 -0.9878376938701017
1.7275892289791206 -0.9877331545250703
1.732779996143372 -0.986909306598333
1.7376101669279191 -0.9861188053741641
1.7379489060320141 -0.9860625041301895
1.752578386880058 -0.9835230892855615
1.7557363009151912 -0.9829472904119068
1.758770935784951 -0.9823847337712882
1.7601910341058065 -0.9821183701257119
1.76374619803032 -0.981442853933577
1.7649956044806339 -0.9812025082189063
1.7679239863270957 -0.9806331800767759
1.7736306710130991 -0.9794995446428156
1.7747384525663925 -0.9792757850990855
1.776966351258392 -0.9788221358705572
1.7800722704644203 -0.97818159505105
1.7852951686403098 -0.9770831923173929
1.7902053031246914 -0.9760262577510116
1.7902545735358855 -0.9760155327230541
1.7912031353167865 -0.9758085909104742
1.806470277136368 -0.9723571958725217
1.8112582378540312 -0.9712280737607816
1.8139134618840735 -0.9705923058402853
1.817117130386631 -0.9698161095879131
1.8209507873842736 -0.9688741959912441
1.8213775988850456 -0.968768449015512
1.8260250380466916 -0.9676055790172396
1.8288878135992253 -0.966878859462473
1.8360443835457825 -0.9650275028278036
1.8411356526378393 -0.9636803320127666
1.8411881745156369 -0.963666304272124
1.8441750438867692 -0.9628641869479285
1.8450820528390235 -0.9626189110080718
1.8508806843036472 -0.9610321222172304
1.8605712630056157 -0.958308208734186
1.8606398102317394 -0.9582886200347567
1.8632942070675247 -0.9575266123987981
1.8659770667954434 -0.9567495783727269
1.8690808604446207 -0.9558420381537025
1.8976405008771007 -0.9470602542923011
1.9007812206266368 -0.9460472384689554
1.9022871587092904 -0.9455581986918663
1.9038018208608136 -0.9450641628011989
1.9056639713288543 -0.9444538157571395
1.9077545754420058 -0.9437646874796403
1.9138937926230004 -0.9417171797787253
1.9142679810921943 -0.9415912347427225
1.9217430165532985 -0.9390476741103918
1.9230526686514335 -0.9385966276192613
1.9304553840849876 -0.9360168746121053
1.9314880394074314 -0.9356529272695847
1.9363974750297315 -0.933909012952853
1.9438091479754411 -0.9312336332145248
1.9654374374526453 -0.9231346084762289
1.9672415197746966 -0.9224394785864835
1.9786840317106584 -0.9179607567147777
1.981202230428091 -0.916958950295209
1.9862695584648669 -0.9149254157883512
1.9866486672676356 -0.9147723330315821
1.9880158840878872 -0.9142191639495479
1.9929475369470082 -0.912209649810244
1.9980576503732457 -0.9101040137073768
1.9993411229938585 -0.9095714190160262
