0.7600951545647954 0.07748166713198729
0.8026662550107639 0.0818212288492114
-0.26627936356609583 -0.027143666010815068
0.09221857937682332 0.009400466807015628
1.7679239863270957 0.18021651236769579
1.6518061113899014 0.16837982786849146
0.6385437596849441 0.06509110700152336
-0.11717462811625534 -0.011944406535805845
-1.5940223874985886 -0.16248954001004978
1.436466467258425 0.14642879380819826
1.3242341776995197 0.13498819344541485
-1.2527321693388447 -0.12769950757786389
0.41577896342398546 0.0423831766996927
0.5044667762397164 0.051423728464802886
-1.235955552403655 -0.12598935294634606
-0.3008427910884093 -0.03066695118128535
0.637839684149299 0.06501933579503558
0.44479641065721776 0.04534112239115369
-1.2557907336434724 -0.1280112878331776
0.30891797963513534 0.031490110054549984
1.3016537739758451 0.13268641936552958
-1.064326017505377 -0.10849398751329022
-0.9545985544454947 -0.09730872114632973
-0.23571145016844186 -0.024027670761309055
0.4822837266434603 0.04916245939280941
-1.0720373382993125 -0.10928005487250891
0.5139563263377873 0.05239106282750125
1.3100386503959087 0.13354114682934848
0.4267559745192768 0.04350213807535951
-0.8802256553891814 -0.08972738587045681
-0.34575969029582954 -0.035245636115782825
0.6669768213710552 0.06798948230082112
1.712636325047812 0.17458066514248846
-0.8613785646120289 -0.08780617376269408
-0.18908221761343214 -0.019274436046221418
0.7208949708708929 0.07348572587878623
0.29917116733317695 0.03049655120623618
1.7093947504441416 0.17425022940307253
1.1695678707185015 0.1192220051700817
1.3815469284260926 0.14083047180694114
-0.3665038012413455 -0.03736022438749699
0.6602542842932637 0.06730420838871189
-0.9121318739705777 -0.09297980366672555
-1.5718836381345924 -0.160232786761936
0.21015625464903032 0.021422655927526024
-0.27620087549575123 -0.028155033179995025
1.4086959239653174 0.14359795351328414
1.1115914586185305 0.1133120752924088
-0.8322191821408058 -0.08483375964738081
1.0817619800073404 0.11027135372144141
0.9878626055314541 0.10069955204194231
-1.6753190579869015 -0.17077666238398587
0.6034579235557103 0.06151456916979717
-0.8074894162780346 -0.08231288647074766
-1.0206557312675866 -0.10404237831473868
0.7248433804681347 0.07388821411499844
0.9687127033023186 0.098747472304008
-1.389527205806996 -0.14164395573975494
1.7902545735358855 0.18249282095167027
0.7003491828532633 0.0713913540115457
1.3610518870637924 0.13874127289131422
0.042203544508036206 0.004302094241390031
1.6689675263768948 0.17012920758174258
-0.3032008312826897 -0.030907322251038705
0.8238672347560065 0.08398238886401697
-0.6714174715335743 -0.06844214796468648
0.6899125151625896 0.07032747351300607
-0.6783540766744678 -0.06914924328995593
-0.06223812451391364 -0.00634435520019507
0.6111151487115882 0.06229512219282245
0.618023072938652 0.06299929387753843
0.21494776980063834 0.021911087645325008
0.24449905106423797 0.024923450669137405
1.9077545754420058 0.19447039505015348
1.0106969306660267 0.10302721005769895
-0.13937643023867397 -0.014207587180292962
1.6175319476229872 0.1648860293193667
-0.9990593185038743 -0.10184090912373846
-0.32923355119939535 -0.033561014393414405
-0.7601054967476295 -0.07748272138100198
0.830773167315467 0.08468635752451244
0.14559331168619272 0.014841316175962559
-0.0915738253032754 -0.009334742640496982
-1.385570326649999 -0.14124060414373077
0.6440479220995794 0.06565218370026293
-1.8628506307249357 -0.18989303065493737
-1.9162956791927348 -0.19534104782800557
-0.05566117201065479 -0.005673921713624341
1.6969858329922811 0.1729853040766851
-0.8506368507738862 -0.0867111978362779
-1.8628914547438638 -0.18989719212475675
1.6055735169453644 0.16366702517282
0.5845223609247827 0.05958433852444268
-1.664975913910257 -0.16972231538330854
-0.36477555426475217 -0.037184052422502764
-1.7274387332950574 -0.176089575259435
1.1685156328292488 0.11911474340767061
-0.5760088879339063 -0.05871650233780899
-1.9954850273322267 -0.20341335650685285
-1.127220591604201 -0.11490525908299705
-0.9545531412202073 -0.09730409186750329
-1.4295567171311725 -0.14572443599706142
-1.4259382647865033 -0.14535558254704417
-0.9558842305356428 -0.09743977885174747
1.0801806589280183 0.11011015891213234
1.6920266349752007 0.17247977930430178
1.5828509957260577 0.16135076409032187
-1.2310567753798725 -0.12548998729662308
-0.7629260244380496 -0.07777023694577467
-0.0453032317771922 -0.004618066440080754
0.32464918018152034 0.03309369828557801
-0.9695187378349717 -0.09882963688429884
1.5123405220406472 0.15416315209384782
-1.5020683371615582 -0.153116038446642
1.4118692724349655 0.1439214344989771
1.9993411229938585 0.20380643455594885
-1.6495252567912493 -0.1681473248512996
1.3582775966886471 0.1384584706104635
-0.8188115033252914 -0.08346702378443337
-1.6567470498418015 -0.16888349131924582
0.3222154825169459 0.03284561493546849
-0.5355633737927183 -0.05459361608488464
-0.09428509997573586 -0.00961112130231762
-0.30372075458897463 -0.030960321568702813
1.2473474521095054 0.12715060673899137
-1.8586901440219785 -0.1894689239573882
-1.1346039682214113 -0.11565789686252918
-0.7282388426653874 -0.07423433666313836
-0.7771965369523466 -0.07922492731420454
1.8288878135992253 0.18643096978585375
-1.411260505282669 -0.14385937872402332
0.9258378839667847 0.09437695045532973
-0.25113616758780033 -0.025600017083363947
-0.11990974448766467 -0.012223215544104452
-1.3463855629628028 -0.13724623475665673
1.1847756123582123 0.12077223367565873
-0.9970785975040108 -0.10163900076493484
0.9187225048121612 0.09365163147932326
-0.022642205933610438 -0.0023080739993486684
0.4456036802839485 0.045423412872981496
1.4109893792239419 0.14383174100142118
1.4781604592488944 0.15067894589693112
1.6340466927724573 0.1665694895792515
-1.6905589482340595 -0.17233016801570433
-0.22682307759943798 -0.02312161851166544
-0.9391657139358238 -0.0957355467824489
-1.6134659592617315 -0.16447155548029882
-0.30931756106559005 -0.0315308421065841
1.700866904826149 0.17338092811683475
0.32095357292733473 0.0327169799110433
1.536823606198063 0.15665887932701966
-0.6700469718505193 -0.06830244361371246
1.8411881745156369 0.18768482920648694
0.5813906679179168 0.05926510376329427
0.12494314128561035 0.012736303902712572
-0.27777765392893494 -0.028315764926496935
-1.8435968880580953 -0.1879303657551575
-1.5491614318360516 -0.15791655778145275
-1.2335321584812893 -0.12574231992673693
1.0835326959765603 0.1104518548396086
1.3696186770560206 0.1396145440424078
1.508030538258903 0.15372380614259967
1.2691261407550578 0.12937065654995492
0.019713771040123174 0.002009558719686358
-0.30322150854217744 -0.030909430024686792
0.8257976214219673 0.08417916630193346
-0.28987347314217393 -0.029548774020608962
-0.006955011918012399 -0.0007089716532122731
0.05508624081499214 0.00561531506778717
-1.8408260567429302 -0.18764791607980938
-0.5605407961766566 -0.05713973457458273
-1.0373981730025976 -0.10574904923573879
1.2810096791490042 0.13058202641681999
-1.779249659455942 -0.18137101523506033
0.1628215371919941 0.016597506339652814
-1.4825266562750845 -0.15112402204638986
0.9709789825269937 0.09897848955422972
1.3180157667103094 0.134354308533161
-1.0441825932580628 -0.10644063132090344
-0.3194850087706844 -0.03256727918151727
1.1549448531920898 0.11773138156902037
1.6664764848204054 0.16987527877883846
-0.9061754865731992 -0.09237262860073386
-1.0115913426143863 -0.1031183835488671
-1.8339267158872454 -0.186944619356498
-0.500313650203656 -0.051000372090077066
-1.1583075045625115 -0.11807415948649454
1.134212464838241 0.11561798826077889
1.2832672099086326 0.13081215187651707
-1.9405829055347206 -0.19781680994237721
-1.779367814591391 -0.1813830595913752
-0.5943995799093056 -0.06059119061256937
-0.2794011562175882 -0.02848125955327097
0.5811118340707386 0.05923668033340862
0.9008957701855338 0.09183443121157327
-0.42678877208863053 -0.04350548135460046
0.49723055668395943 0.050686091405092705
0.43071119985541495 0.043905321086178895
-0.8544995247168736 -0.08710494645431943
-0.8613508191543016 -0.08780334547954144
0.6192339731891523 0.06312272917320615
-0.03363005354567683 -0.0034281400148498294
1.3789292303564298 0.14056363204448824
-1.6951628847727864 -0.17279947857011074
-0.6919913544273615 -0.07053938373367599
-0.5326538851414169 -0.05429703212450732
-1.684397441494574 -0.1717020837405274
-1.6703527774022469 -0.17027041563733403
-1.5573441136752604 -0.15875067417688687
1.3351105241904362 0.1360968933935205
-0.8518605707123621 -0.08683593992990439
-1.266805660343067 -0.12913411420418625
1.14512081189848 0.11672995024449336
0.16541768459818806 0.01686214929645138
-0.20416751132943167 -0.020812182602388547
-0.47581047271197763 -0.04850259660672555
-0.8399611298264675 -0.08562294901391106
0.23113564618613536 0.023561227949657017
0.5057838173791693 0.051557983422953035
-1.1325907552690988 -0.11545267637809366
-1.1310106395990327 -0.11529160444434583
1.1566403403932646 0.11790421410736641
0.9967334819152551 0.1016038207864684
-1.835976754858478 -0.18715359376742893
1.0557758998097895 0.10762241588275122
-1.2218997287803228 -0.12455654727628163
1.9304553840849876 0.19678444282211902
1.8139134618840735 0.18490453230214815
1.1722580825842495 0.11949623675680422
-1.5254661093864206 -0.1555011324552926
1.007740027894704 0.1027257928536905
-1.098820905362885 -0.11201028596971305
-0.8342261201508938 -0.0850383404842909
-0.5938523248345309 -0.06053540518190936
0.6867426777283812 0.07000435043102764
-1.5003890045714394 -0.15294485265763907
-1.8321338749122917 -0.1867618628860644
0.6303810919633484 0.0642590307811772
0.45479139694707227 0.04635997930143448
-0.38103892806414974 -0.038841888691554506
-0.5646775928726431 -0.057561426388648626
-1.1855892395479688 -0.120855172227112
1.4864644685815338 0.15152543002869864
-1.672322906972218 -0.17047124433967564
1.6097735469740502 0.16409516279042305
0.45675066066988723 0.046559700374096555
-1.6337170540934087 -0.16653588726742188
0.43112911182707947 0.04394792169491126
0.11074631027948945 0.011289124391385264
-1.1766675121353312 -0.11994571989147106
-0.48880715668663965 -0.04982743697111515
-1.0360862597065714 -0.10561531699353428
1.388836190500177 0.1415735158511903
1.5741469524489453 0.16046350177868962
-0.06991120605759882 -0.0071265245726400426
0.29553929000579204 0.030126329256451787
-1.4853704420048701 -0.15141390846125077
0.4626882661809577 0.04716496087471536
1.7601910341058065 0.17942823997001084
0.3443842189065789 0.03510542496499275
-1.2668494833129866 -0.12913858137747058
-0.08598300126407787 -0.008764831933137398
0.4729253898223673 0.048208500491576683
-0.45524429869410143 -0.0464061466558717
0.1711870670676885 0.017450261678663453
-0.10968454172318731 -0.011180891103281071
0.32432259714538425 0.033060407456206344
-0.8111278669328237 -0.08268377848448763
1.0933515638140108 0.11145275879857397
-0.8768263037937207 -0.08938086684951281
-1.113534318070295 -0.11351012416618705
-0.0373469989956603 -0.003807033536764556
0.8103832608736696 0.08260787572616407
-1.4220171817758507 -0.1449558798956015
0.3496150805775957 0.035638642260713116
-1.4862364273351556 -0.1515021842339608
-1.0606612235991024 -0.10812041015281369
-0.18643311608897362 -0.019004395116103325
-1.0112407683165956 -0.10308264712707396
0.614041194890456 0.06259339397456229
0.672511607931733 0.06855368072698603
1.7163645796846558 0.17496071148671313
-0.565012745861794 -0.05759559081159979
0.7972153641446145 0.08126558248161207
0.3967053250343535 0.04043887105345092
-1.5644256927939937 -0.15947254768542238
-0.3102872498352087 -0.03162968907596419
-1.4923933960566762 -0.15212980591811173
1.4338640821040354 0.1461635149953145
-0.38844032529842654 -0.039596363435109735
-0.8963916701079855 -0.09137529766646131
-0.3401964415988874 -0.03467853635054917
0.3259424470679608 0.03322552977247307
1.2643698405847301 0.128885814534631
1.7649956044806339 0.17991800249547746
0.3192183008099203 0.03254009182567995
-0.14894027883855765 -0.01518249529445032
-0.5800460063592681 -0.059128033268019166
-0.9477080603140431 -0.09660632622976993
-0.5638074938371189 -0.05747273127799377
1.6687524184358344 0.17010728016675172
0.7370695233897613 0.07513450799080135
-0.9157511875062805 -0.09334874490380024
0.928231135501751 0.0946209108564476
1.0302882789994134 0.10502428939851309
-0.010677396172858344 -0.0010884195894860697
1.9654374374526453 0.2003504013713196
-1.5610836549522795 -0.15913187104508456
0.7390563206935541 0.07533703574857839
0.8823066167168712 0.08993951240742824
-0.9757648934347736 -0.09946634999335102
0.3836789649052017 0.03911100559686052
-0.6635263345196818 -0.06763775071556388
-1.5206694289936027 -0.1550121742093377
1.6814607962110033 0.17140273151997995
-1.058416464031469 -0.10789158654755035
-0.7610325005443968 -0.07757721718087632
0.06325042774614298 0.006447546151492658
-0.5220403915352811 -0.05321512655813263
1.8508806843036472 0.1886728526303412
1.5493958477560335 0.15794045339001359
1.5057567895965231 0.15349202748180663
1.7557363009151912 0.17897413872733853
1.8213775988850456 0.18566540253670188
1.7800722704644203 0.18145486956823856
0.815173762706118 0.08309620414945136
1.0175223937682452 0.10372297591929104
1.8441750438867692 0.1879893011097624
-1.4624057641096861 -0.14907296270231254
-0.948548693687091 -0.09669201770510612
0.89614451871096 0.09135010384413456
-1.731730212698754 -0.17652703493361405
1.9038018208608136 0.19406746390018487
1.363058219630532 0.13894579201126728
1.7269183304812619 0.17603652706231007
-1.8586235650286183 -0.18946213710791215
-0.9721395493592562 -0.09909679402235026
1.2630135383078338 0.12874755742179753
1.8209507873842736 0.18562189473845805
1.776966351258392 0.18113826210585035
0.22321894892480154 0.022754225170723907
-0.27685131236650085 -0.02822133663267083
-1.6367611787942895 -0.16684619559574815
0.7290692227039082 0.07431898294637188
-0.4782696127620758 -0.048753273472178976
-1.4791588027831448 -0.15078071384129915
0.4834177442478076 0.04927805751761545
-1.262332191155271 -0.1286781030739318
-1.3764125092197106 -0.1403070855473711
1.2530075591789651 0.12772757993669367
0.14176261245209343 0.01445082695739994
0.81316910901193 0.08289185616839245
-0.3311895177859765 -0.03376039936656233
1.2147551942695576 0.12382825629659099
1.9022871587092904 0.19391306408861267
1.2240575261019901 0.12477650622854129
1.8260250380466916 0.1861391476092448
1.6439796997382086 0.16758202851561757
0.6956228997720304 0.07090957184220494
-1.3596017873786734 -0.13859345437091472
0.3516376774669494 0.03584481931365437
1.0562565357478588 0.10767141037185105
0.7572333184676139 0.07718994072044993
-1.5234647337120082 -0.15529711862507728
-0.11873570615499451 -0.01210353783435214
0.7575855326165861 0.07722584430342366
-1.9691390663410884 -0.20072773357197637
0.842936665640889 0.08592626561069204
1.9314880394074314 0.19688970840034978
-1.441220618337034 -0.1469134167519912
1.4691779868589823 0.14976330141274027
1.9056639713288543 0.19425728555849686
0.17080942095162088 0.01741176564236706
0.9273227036612748 0.09452830822235217
-1.1929500239174042 -0.12160550702521959
0.6083694426039417 0.062015233700707606
1.1552233960365301 0.11775977533501836
-1.687163928932439 -0.1719840906149275
0.39806861430015594 0.04057784039756941
0.07802064520049479 0.007953174842048398
1.1375630937870334 0.11595954065107372
-1.3141389856163213 -0.13395912187730083
0.18583319475386606 0.018943241055439965
-1.1885690302688658 -0.12115892255543993
0.015311368699003403 0.0015607919163102347
-0.29641610953150854 -0.030215709432365803
-1.8701194559135907 -0.19063399142850057
-1.4389745902325304 -0.14668446383613967
-0.40143583167788144 -0.04092108375921319
1.3303375738564802 0.13561035411381042
0.49136652291634464 0.05008833057251219
0.26915129252185155 0.027436421256050104
0.46296036904130267 0.047192698169347874
-1.5073431870918381 -0.15365373976471336
0.14583315279008913 0.014865764810406638
-0.31054739887481997 -0.03165620783637308
0.28858057792656 0.029416980420648317
-0.22982963362894715 -0.02342809720988248
-0.9746970063364477 -0.09935749300065726
-1.014824043411155 -0.10344791472081091
0.9311505792925954 0.09491850961188535
1.1008849602687731 0.11222068912016035
-1.9272645306768612 -0.19645917743902763
-0.7255382456745485 -0.07395904645000494
-1.90798613517374 -0.19449399950802648
1.715348044989709 0.17485708919365023
1.4352262941277654 0.1463023745288242
1.397455691440729 0.142452160187638
0.9034712061438204 0.09209696290966568
-1.9092528778239335 -0.1946231271991777
-0.9612417721274196 -0.09798590949311106
-1.8350668960470533 -0.1870608456724825
1.622525228230137 0.1653950283618896
1.7852951686403098 0.18198727509075532
0.09096672432282471 0.009272856709768063
-0.5903285433523839 -0.06017620217659367
0.9674030326220873 0.09861396866687942
-1.535509286439824 -0.15652490177775982
-0.3982855966026353 -0.04059995887896384
1.8690808604446207 0.19052812033074623
-0.3327445509214231 -0.0339189144670156
0.6914158849321965 0.07048072221531054
-0.7038466978244338 -0.0717478794928067
-1.4116834515783263 -0.1439024925156296
-0.3183469509370238 -0.032451269208667054
-1.043755961177724 -0.10639714181220428
-0.6272600075484389 -0.06394087742593668
1.9230526686514335 0.19602983370554877
-1.2183309834759322 -0.1241927608028473
1.151905305466138 0.11742153980286828
-1.9243970283979972 -0.19616687343506595
-1.6941468484968123 -0.1726959070842826
0.8887286911126799 0.09059415811546176
-1.2959210136434436 -0.13210204012675264
1.0986158630239853 0.1119893846099883
-1.9714577716971466 -0.20096409497422493
1.1775314141183242 0.12003378329442652
-0.11799694701568075 -0.012028231092322197
-1.5809371662764007 -0.1611556744420388
-0.9060944234607207 -0.09236436528651586
-1.4074164070348996 -0.14346752365289495
0.46736513980636074 0.04764170640227938
-1.4919789272789052 -0.15208755629754384
-0.6695050055580491 -0.06824719730459217
-1.5918384010354978 -0.16226691142054003
1.009812382126793 0.10293704201088613
1.4483864531388018 0.14764387901516837
1.257365884142727 0.1281718536333055
-1.5846930486705921 -0.1615385370714161
-0.2908823706278927 -0.029651617801008428
-1.8354640614517699 -0.18710133144258612
1.2633819483978188 0.12878511196715786
-1.810301524494066 -0.18453634296575594
-0.5089209998917914 -0.05187777776674734
-0.6459237945667398 -0.0658434041352436
-1.4752073173021847 -0.15037791205934603
0.5184893936971084 0.05285314920459821
1.4815166117132046 0.15102106133671808
-1.0589944646562603 -0.10795050608116823
1.732779996143372 0.1766340464977953
-0.07178834593025218 -0.007317874202879937
-1.3128137781814706 -0.13382403447313665
-1.8319404832115396 -0.18674214915510087
-1.9627016294270985 -0.20007152185801205
1.1401860900996876 0.11622692049945847
-0.7279933834044443 -0.07420931533174763
1.1475796948236927 0.11698060089945898
-0.12320481741630074 -0.012559104731529127
-0.5261970620354917 -0.05363884424418875
0.04928751559384237 0.005024211579392698
1.5994519528252233 0.16304301252041012
0.05063194013569783 0.005161257913934539
-1.7277092404658303 -0.17611714989458005
-0.47106540020082077 -0.04801889910303983
0.18682625160749122 0.01904447009250675
1.148127823954332 0.11703647542857613
-1.3832071602577933 -0.14099971052576893
-0.14137012720104147 -0.014410818267180577
1.8659770667954434 0.1902117295408199
-0.8900693318090931 -0.0907308187369106
0.5395823789112129 0.05500330060257012
0.24177440714096887 0.02464570918868184
-0.9840501419806853 -0.10031092171056934
0.7223659861374432 0.0736356764666099
1.9438091479754411 0.19814568277017747
-1.7261897373719295 -0.17596225661283685
1.9929475369470082 0.20315469285902224
-0.9464767932495057 -0.09648081480626969
0.6171692006127802 0.06291225286572683
1.6995773500036697 0.17324947502585827
-1.8088247600078113 -0.1843858063208778
1.4789257518727612 0.15075695737744763
1.2329532568463382 0.12568330854702733
-0.29278435614927334 -0.029845500117153242
0.8978613195555658 0.09152510902707092
-1.5297080794069466 -0.15593354530142167
1.1013183642123092 0.11226486893091836
-0.08421812327400957 -0.008584925919878651
-0.15955167729387032 -0.0162641872878563
0.12914289077649777 0.013164412923190393
-0.9093042878416009 -0.09269156858731915
1.1767763136422098 0.11995681076882872
-1.8270359751160377 -0.1862421992982709
1.3886337905336261 0.14155288384644507
-0.8066400350377614 -0.08222630326582685
-1.1240593127945497 -0.11458300843981138
-1.8584078798836607 -0.18944015085460353
0.41549602426436527 0.04235433478739707
1.6154137525468517 0.16467010729325704
1.1798778007147646 0.12027296643371707
-0.21283540336330375 -0.021695759771998342
0.12950628724849755 0.013201456396380993
0.3189947287507322 0.032517301605579224
-0.45437947338043694 -0.04631798913154301
-0.42384140186078234 -0.04320503586756191
1.0742944082249846 0.10951013335626754
-1.6346989594751409 -0.1666359795591377
1.5177083351341571 0.1547103297792209
-0.6375271162453351 -0.06498747362337769
-0.9009584236284489 -0.09184081790300193
0.36626307071001696 0.037335685087667374
-0.11018792589050053 -0.011232204474057138
1.7085804722276432 0.174167224488037
-0.4824007407761082 -0.04917438743895088
-0.676605004504987 -0.06897094847145636
1.1768047539384043 0.11995970988159065
-1.416569997025602 -0.1444006113175945
-1.2241437954362007 -0.12478530024833849
-0.36437328010863723 -0.037143045882633764
0.5124780833390239 0.0522403754677904
1.194421275129804 0.12175548166460794
-0.24440219090434834 -0.024913577054469758
-0.13259822736308946 -0.013516638874932665
-1.3691863145534562 -0.13957047039280898
-0.47095088387056006 -0.048007225674878695
0.916769263879972 0.09345252435065973
-0.7748993375172737 -0.07899075815670475
-1.5638758562752173 -0.15941649911062356
-0.8180957830091256 -0.0833940655462921
0.0839324570888147 0.008555806023324636
1.358426476421264 0.1384736469338699
0.8872241182910274 0.0904407867778825
-0.7044518028760849 -0.07180956196494238
1.9142679810921943 0.19513435077392396
1.5393073809463318 0.1569120673747535
-0.31584525451919676 -0.03219625428330242
1.752578386880058 0.17865223107849723
0.5543765036312687 0.056511366323268974
-0.21464941588960507 -0.021880674402610097
-0.6138165787146668 -0.06257049732055726
0.2998279432624864 0.030563500842251415
-1.7839521993355527 -0.18185037709842533
0.1407438927346636 0.014346981930138999
-1.4433469980854836 -0.14713017309739893
0.11910219399660349 0.012140896431865798
1.6001503522502376 0.16311420512234837
-1.7339959748052265 -0.1767579994704614
-0.914071469564814 -0.09317751983331436
1.1237961707351705 0.11455618458054743
1.1673119134973784 0.11899204011186323
-0.7331414329740773 -0.07473409102691919
-1.0676072524465514 -0.10882846610056589
0.7294016439785702 0.07435286890709177
1.4999437055152582 0.15289946029717208
1.5883901568627854 0.1619154084467671
0.23383741202318875 0.023836637311232287
1.6316470632530238 0.16632487902681178
1.8632942070675247 0.18993824740749485
-0.6481724424604431 -0.0660726241040207
-1.2855463099233249 -0.13104447603703617
-0.16973021514261477 -0.017301754856535654
-1.984123910069615 -0.2022552405779424
-1.6945116030505396 -0.17273308899597753
0.4596336813536843 0.04685358627458555
-0.44690278443929277 -0.045555839392384584
-1.0296909923685695 -0.10496340391116916
-0.700622602736011 -0.07141922555922639
0.24227563970404775 0.024696803231809148
0.9614431086995934 0.09800643309883723
-1.3447378757188049 -0.13707827479294646
-1.2519682656567945 -0.12762163768163043
-1.487863913374058 -0.15166808495148398
0.9753146326886442 0.09942045185409217
-0.5540102146135557 -0.05647402799322688
0.2295034499664257 0.023394847091378762
-0.19624756421808653 -0.020004848544147455
0.09429940437347462 0.00961257944683737
1.575859443824542 0.160638067668149
1.5947595781522232 0.16256468686567005
0.9478062952002251 0.09661633997963558
0.5579546700355511 0.056876113153471054
-1.1738173345948497 -0.11965518191588681
-0.8044897918103944 -0.08200711435376089
-1.2044544310423402 -0.12277822946405098
-0.7468694316009241 -0.07613347926614925
0.7514833722927388 0.07660380961189997
-0.4260492155228963 -0.04343009332547363
1.548224363868139 0.15782103607218542
-0.8498613068534433 -0.08663214137140095
1.2210121958291973 0.12446607500807311
1.981202230428091 0.2019574139070429
-1.088151323255219 -0.11092266292102129
-0.48493877326016754 -0.049433106346602196
-1.4657295870425675 -0.14941178257314652
-1.420185479829009 -0.14476916206208043
-0.7221657230699425 -0.07361526229051402
-0.423788449288411 -0.043199638051825785
0.9445434236964854 0.09628373330239402
1.7194381016124365 0.17527401647425447
1.0576506719661145 0.10781352415556722
-0.24261249260427942 -0.02473114093825478
0.5944846498099019 0.06059986236594311
-0.27035158654008695 -0.02755877538634933
-0.7900537151471698 -0.08053554690592964
-0.17404848562452058 -0.017741945527474063
1.0612505018275535 0.10818047928925112
1.1576812873413695 0.11801032490737712
0.45240963366529074 0.04611718997607449
-1.3662453203370784 -0.13927067485597128
-0.8857813457724792 -0.09029371516539034
1.4719319620095637 0.15004403282462422
-1.7188030005023065 -0.1752092762999293
-0.9776270766110478 -0.09965617498583565
0.25825601757185934 0.026325791801412774
0.3354031405142437 0.034189922580452975
0.6458891106501539 0.06583986856780365
-0.6605088671071475 -0.06733015974588659
0.4085136628219628 0.04164257521120925
0.4681179984332853 0.04771845040094651
0.12966783887274103 0.01321792445185943
0.09661432138048553 0.00984855467690984
0.8186863507275337 0.08345426612920832
1.5306464566420783 0.1560292004731986
-1.667402510606116 -0.16996967488339612
1.76374619803032 0.17979064200105196
0.7559926826270611 0.0770634742739104
-1.6644554091153432 -0.16966925679055486
1.508009814714962 0.15372169365086258
1.5769862670231514 0.1607529324182621
-0.2640049935590727 -0.02691182401213789
-1.2245311531755547 -0.1248247862564276
0.4704680168273998 0.04795800375406725
-1.28945750984417 -0.1314431712379378
-1.2350902246226259 -0.12590114420210252
-0.6274118894016518 -0.06395635977590743
0.5985503381874842 0.061014305625635486
-0.9315034522464236 -0.09495448035131739
1.2878883004008013 0.1312832110500307
-1.269638551317727 -0.12942289004258176
1.8976405008771007 0.19343939866229362
1.2834557492283865 0.13083137097129321
-0.39075891482373803 -0.039832713029942714
0.9267983145072938 0.09447485367046826
-1.5176900465688679 -0.15470846550141362
1.509655934821628 0.15388949386560938
-1.7329267855388437 -0.17664900973892392
1.4877506382995116 0.15165653805295734
-0.7218341068381404 -0.07358145839328648
1.656005546258244 0.1688079048173541
1.347188656446792 0.13732809953586056
1.2559936412824535 0.12803197158842541
-0.6419969967201644 -0.0654431189317191
1.3909065274443209 0.14178455937250975
1.1242944515669087 0.11460697773362982
0.14668168448940344 0.014952261415841328
-0.5003289612503545 -0.05100193284916967
0.5841521574253972 0.059546601164668415
-0.7915500027839544 -0.0806880736782828
-0.883939925030313 -0.09010600662898195
0.8558672315496914 0.08724436611107965
1.1768944125401246 0.11996884939246936
-1.4723226972722716 -0.1500838631266332
-0.9970944653952261 -0.10164061828697513
-0.6900060839378481 -0.07033701161445954
1.5702891176595477 0.1600702464484758
1.0175391362826383 0.10372468259761858
1.9672415197746966 0.20053430374869485
-0.9077039868938832 -0.09252843903097688
0.8212337203225801 0.08371393683206729
1.758770935784951 0.17928347969265554
1.1219335650909623 0.11436631652303386
-1.9574069261840341 -0.19953179675678226
-0.43122484103000813 -0.04395768002344629
0.510723327949743 0.052061501320055346
1.4157969532922032 0.14432180971378217
0.47328632367194734 0.048245292932920215
1.6580839581543367 0.1690197714734288
-0.35056628614321417 -0.03573560511143875
-1.5009709416346673 -0.15300417345919134
0.7975113178364173 0.08129575105366128
-0.8035441736714968 -0.08191072106743086
0.40522851844485785 0.0413076981085482
0.583118146817434 0.05944119743296982
1.2481599529065894 0.12723343046958097
-1.4602813626028373 -0.14885640801252162
0.830556075677666 0.08466422789782527
-1.3137028562361825 -0.13391466424425916
0.10724975796850877 0.010932697040622708
0.6460338280135098 0.06585462059261057
-0.9025401855784514 -0.09200205765325702
0.3529142137110739 0.03597494533242343
-1.7724659783673289 -0.18067950849819864
-0.3681633944774516 -0.0375293980099339
0.6730332427553236 0.06860685451124603
1.8606398102317394 0.18966766669028942
-1.6467622477164872 -0.16786567255010063
-0.4735929291392571 -0.04827654731287024
1.6045694197271838 0.1635646707163286
-1.2743057498808068 -0.12989864932526063
1.7736306710130991 0.1807982335385422
1.2554597235219234 0.12797754572088924
-1.9371513890310665 -0.19746701213364592
1.196911889981044 0.12200936697054475
1.2999852897317625 0.132516339422198
-0.08711235120528338 -0.008879954251303095
-0.3798886496644087 -0.03872463299331383
0.08173888654554373 0.008332200463358178
1.806470277136368 0.18414579787322813
-1.796316174947731 -0.18311072119752608
1.4747365359682858 0.15032992211705257
-1.0108703737310214 -0.10304489028858525
0.3243791368925826 0.03306617093706244
-0.5934772061724272 -0.06049716678618013
-0.2518896466150107 -0.025676824323650423
-1.0189390378081926 -0.10386738407830709
1.6700899152897937 0.17024362031496368
-1.6292600897277185 -0.166081558585904
-0.2376633202616527 -0.024226638151034933
0.30623275110821524 0.03121638645343682
1.8411356526378393 0.1876794752943771
-1.8176262746259986 -0.18528300454903143
-0.5579004705654027 -0.05687058823296663
0.9815465338156968 0.10005571190781822
-1.1728349222671648 -0.11955503794772321
-1.2102492221934584 -0.12336893192593867
1.5699546679137413 0.16003615371190022
-1.9051562296151863 -0.19420552799339308
1.8360443835457825 0.1871604876193458
-0.8425044082050821 -0.08588220267126219
-0.4567525491419526 -0.04655989287889425
-1.4016005110443852 -0.14287466983123193
1.9866486672676356 0.20251260624542666
-0.15957954535289032 -0.016267028068592284
1.1284109304245393 0.11502659841228739
0.8130435071463813 0.08287905271624682
0.6614964820326215 0.06743083405021626
-0.4335436040489111 -0.04419404730366066
-1.6943020537839573 -0.17271172821447064
-1.0902918445583465 -0.11114086081124835
-1.5857555016194689 -0.16164684012430874
-1.9858768319004114 -0.20243392781859443
1.0325851626475222 0.10525842636570053
1.8605712630056157 0.1896606792054654
0.9604164554460795 0.09790177935230167
-0.853438466934271 -0.0869967856202111
-0.9741813578101448 -0.09930492944038173
0.8136566121920032 0.08294155068216139
0.7674159143082337 0.07822792194783218
1.4788863066905038 0.15075293646182505
-1.6136995418690714 -0.16449536614363622
1.9007812206266368 0.1937595535806969
0.23035192047820052 0.02348133745955153
0.5343420132941015 0.054469114505005245
-1.8490060474150587 -0.1884817581462853
1.445392158597084 0.14733865021377002
-0.2412239100404414 -0.02458959327629372
1.0988161628256243 0.11200980253064467
-1.90962517474268 -0.19466107795542098
1.4514729978490322 0.14795851150346911
-0.05355952939307196 -0.005459686992158201
-0.2048372895551709 -0.02088045765088388
0.9165863601898785 0.09343387973393256
-1.7922002568763982 -0.18269115768362876
0.5912776544085045 0.06027295151972523
-1.0263717092666318 -0.10462504681617041
1.2847610315699414 0.13096442727522337
-0.04256899696560934 -0.004339347295169147
-1.7846026760302927 -0.18191668461063124
0.8972728167494441 0.09146511893470378
-1.864548378917326 -0.1900660936714909
1.5257393044767609 0.1555289810883548
1.817117130386631 0.18523110401494708
1.425120358781895 0.14527220782690062
-1.2935427555400825 -0.1318596081080614
1.7379489060320141 0.17716094862711662
-1.8916389449359414 -0.1928276192595251
-1.8328314911787937 -0.18683297565533064
-1.4803666937814546 -0.15090384238343063
-0.3033152627734821 -0.030918987030935992
0.8012030257262479 0.0816720719394748
-0.43233489068014697 -0.044070834931717325
1.3700573572097565 0.1396592616931454
-0.2184765916772733 -0.022270804452321435
-1.9123030725506434 -0.19493405428650798
-0.3506589965096438 -0.035745055709443814
-0.38642205372707084 -0.039390627291240654
-1.3806793821609844 -0.14074203691753154
1.6382086960182773 0.1669937508683259
-1.4616017043290732 -0.14899099942192387
1.9786840317106584 0.2017007167900773
-0.9711700009880126 -0.09899796136473116
0.7608550065061381 0.0775591240067419
1.089495373603988 0.11105967111151764
-0.8404683965970774 -0.08567465816483968
0.23999221646508806 0.02446403837564608
1.605383039115094 0.16364760847248663
1.2971597742374321 0.13222831541665975
0.04553828577960983 0.004642027092722715
-1.9956553994109112 -0.20343072369122436
-1.5400106369818265 -0.156983755044019
0.24048368100050288 0.024514136697298967
1.499568842889556 0.1528612480009741
1.8450820528390235 0.1880817586991869
1.2421661142905864 0.12662243774623713
-1.9533312225382278 -0.19911633257270414
-1.8244084283867532 -0.18597435559497993
-1.247826013084743 -0.1271993897130217
0.7224007518036553 0.07363922036734508
-0.8565093931830248 -0.08730982601254074
-1.1228269975016025 -0.11445739016326223
-1.1239776488781916 -0.11457468388156897
1.7747384525663925 0.18091115724428056
-0.9219653708083051 -0.09398219885915443
-1.3583838818798637 -0.13846930498265683
-1.6099437808683708 -0.1641125158887228
-1.127970357646734 -0.11498168783351008
-0.6662202300960676 -0.06791235780795796
1.2880930207321768 0.1313040795853391
1.8112582378540312 0.18463386726340786
1.707464371949059 0.1740534527980692
-0.37293801606299537 -0.03801610765168148
1.3491118593115319 0.1375241446800746
-1.8321323859639262 -0.18676171110743386
1.9217430165532985 0.1958963319626196
-0.40822232024105265 -0.041612876681045116
0.6465118815097957 0.06590335183586092
-0.9807651349517368 -0.09997605860873973
1.101948912247558 0.11232914497936371
-1.7384407468007081 -0.17721108530078572
1.3283213730367307 0.13540482905573198
0.8292141558307602 0.08452743688386953
-0.36201002937419124 -0.036902143667093906
-1.1471060378606963 -0.11693231782473967
1.431722778544831 0.14594523736440682
-1.30469037525706 -0.1329959607805362
-0.785875576500719 -0.08010964082576137
-0.3738820331967405 -0.0381123377366708
-1.2398087573838419 -0.1263821363286281
-1.2735511540230418 -0.12982172823884217
-0.9734855182657589 -0.09923399778448103
-1.0311637353487892 -0.1051135306165942
-1.8829636234852463 -0.19194328475894457
-1.3998486550608082 -0.14269609123963387
0.4868437192048205 0.04962729043881962
-0.4815168618580983 -0.049084287651182286
-0.23579344203375197 -0.024036028749617935
1.7902053031246914 0.18248779848365865
-0.6330156143554131 -0.06452758556120418
-0.5918812056393161 -0.06033447560033803
-1.473085077266639 -0.1501615777030213
-0.639199469500912 -0.06515794796135697
-1.3148003652759384 -0.13402654080284793
-1.2464283975957553 -0.12705692126358362
-1.467690536319286 -0.1496116754657784
0.9069516518322756 0.09245174840288231
1.7912031353167865 0.18258951430344408
1.9862695584648669 0.20247396110752974
-0.963625251223728 -0.09822887372311193
0.5781532895222279 0.05893509577188867
-0.026061541614451844 -0.0026566301339910137
-1.2408907980741768 -0.12649243609318825
-0.7270536040862532 -0.07411351723611143
-1.0678992526483087 -0.10885823166649425
-0.8233504566090097 -0.08392971015382361
-0.41038101103941704 -0.04183292671145943
1.9138937926230004 0.1950962071990826
-0.4225325748681694 -0.04307161823324866
1.2695015050878982 0.12940891998857268
-0.7466673972597744 -0.07611288453208709
-1.8509678545814565 -0.18868173848944508
0.4816101559984034 0.049093797757227664
1.3904754891729594 0.14174062071080115
-1.1312608372491413 -0.11531710879196139
-1.5798157755262552 -0.16104136345833386
-1.9481240552637011 -0.19858553060792059
-0.12814095354354915 -0.01306227864867983
0.7010878866967643 0.07146665511689747
0.6140059735579806 0.06258980362466672
-0.06766110476335907 -0.006897156448864329
-1.965453588235932 -0.20035204773047216
-1.1409857576444833 -0.11630843604938666
1.9363974750297315 0.19739016055348943
-0.30095749878352374 -0.030678644116567146
-0.5936901698586992 -0.06051887562270124
1.4805507090912036 0.15092260031510737
-0.00553229581148873 -0.0005639445271650081
-1.0948586485937053 -0.11160638619711571
-0.39631583921871183 -0.040399168116076634
-0.8584103174999309 -0.08750360015289815
-1.1028388081499045 -0.11241985811925631
1.7275892289791206 0.17610491630775948
-1.8982218985947217 -0.1934986644846811
1.3618321187550007 0.13882080721253828
-1.5185098783630666 -0.15479203653038395
0.36446472278781705 0.03715236725665821
0.8601322729040799 0.08767913077513556
-0.5544152051527305 -0.05651531143249036
-0.24515645127732943 -0.024990463942643162
1.9980576503732457 0.20367560146516264
-1.0468380288208947 -0.10671131792261923
-1.70315779720783 -0.17361445435349948
1.4157202905554778 0.14431399495978367
-0.9762810845303758 -0.09951896886140425
1.72617613208224 0.17596086973315392
0.7482395170925145 0.07627314139577109
-0.7815936200422087 -0.0796731518901334
-0.31870537506238783 -0.03248780581675717
-0.47361070840179753 -0.04827835967398547
-1.3115458284944248 -0.1336947837405122
0.2453274519263342 0.02500789520146118
-0.8376883184902737 -0.0853912659011492
1.525962404401529 0.155551723180584
-0.4760862624258513 -0.048530709727405835
1.4468724920572171 0.1474895506684217
0.8012362872006613 0.08167546250771267
-1.258552218611308 -0.1282927847717949
-0.7456779870454269 -0.07601202722175605
-0.6054649710411693 -0.06171916116627617
0.02771036619918199 0.0028247060345751264
-1.7693040293413902 -0.1803571895353099
-0.6556678799095019 -0.06683668500606543
-1.6793061247928454 -0.1711830912123186
-0.045486231547152034 -0.00463672085088196
0.7404995383273785 0.0754841527346971
0.27291913729820516 0.02782050329237565
-0.5436874149101696 -0.05542175483284093
-1.4916521103966631 -0.15205424163064862
1.145745015667465 0.11679357957874259
1.5009850138135494 0.15300560793206416
-1.8340574348279026 -0.1869579444269014
1.4943654582093249 0.15233083162174565
-0.26547407107492527 -0.027061577071857825
0.9648533700921633 0.09835406422957832
1.0825271940716439 0.11034935719384749
1.4548484408664155 0.14830259336049087
-0.869991036548813 -0.08868410158499623
-0.8125632277413319 -0.08283009457098184
-0.3208576759944828 -0.032707204484656756
-0.8213264770737294 -0.0837233921583822
-0.1429009248387505 -0.014566862878567838
-1.7896919496813144 -0.18243546887679044
0.4722433889651363 0.04813897950714947
-0.6779572195045005 -0.06910878894031605
1.5750009112244086 0.16055055160289586
1.9880158840878872 0.2026519759518743
-1.4237295370385707 -0.1451304319101499
0.15106048900694935 0.015398622732614612
-1.3523763911175926 -0.13785692060322044
1.5976195817107035 0.16285622647407783
1.5352876783593774 0.1565023117593657
-1.6959038853065858 -0.17287501379272024
1.0037839664945039 0.10232252461717674
1.7376101669279191 0.17712641864708656
1.658651558370606 0.16907763082269173
-0.16820206317459085 -0.017145979936247793
1.6678688949434717 0.17001721660993593
0.8793742551731394 0.0896405968576085
0.18637154551924606 0.01899811880930133
-1.4447942775629024 -0.14727770413485242
1.1060082130628617 0.11274293711140282
0.11051053376246811 0.011265090087917238
-0.8219314582261896 -0.08378506200063095
1.1810758562752097 0.12039509238279406
-1.0846459307590561 -0.11056533443007707
0.4875852511236638 0.04970287982911965
-0.07221325057311345 -0.00736118762213185
0.35711424342734244 0.036403082918179654
-0.5643655322902217 -0.05752961593172494
-0.050603798339118544 -0.005158389229267945
0.6591918641888257 0.06719590868387622
0.05269043572000909 0.005371094364934667
-1.5629664488212907 -0.15932379702561575
1.1228271139175274 0.11445740203032899
-0.8452562985340357 -0.08616272156310252
-1.587272845121669 -0.16180151326418643
-0.9349901760216621 -0.09530990581260572
-0.909999542951609 -0.09276244066785004
-0.5086741475776373 -0.05185261443197118
1.359073292979661 0.13853958134349245
-1.216878553439798 -0.12404470473392434
-1.7025073492983247 -0.17354814977556826
0.30124760542504525 0.030708216659026018
0.40869094496306557 0.041660646785225845
1.117178207776667 0.11388157061943598
0.9303148711552534 0.09483332019931226
-0.13150481092804478 -0.013405179503368479
-0.568105808859861 -0.057910887753298765
-1.92032822480907 -0.1957521126207003
-0.386244426273465 -0.03937252051717278
-1.1189683455506012 -0.1140640515342101
